Filas:    ['A', 'B']
Colunas:  ['C', 'D']

   00 01 11 10 
00  X  1  X  0 
01  X  1  X  0 
11  1  0  1  1 
10  1  0  X  X 

   00 01 11 10 
00  0  X  1  0 
01  1  1  X  1 
11  0  0  0  0 
10  1  1  0  X 

   00 01 11 10 
00  0  X  0  X 
01  0  1  X  0 
11  0  1  1  0 
10  X  X  1  0 

   00 01 11 10 
00  X  1  0  X 
01  X  0  0  1 
11  1  X  0  1 
10  0  0  1  X 

   00 01 11 10 
00  0  X  X  1 
01  0  1  1  X 
11  0  1  X  0 
10  1  0  0  X 

   00 01 11 10 
00  X  0  0  X 
01  1  X  1  1 
11  1  1  1  X 
10  1  X  1  1 

   00 01 11 10 
00  1  X  0  1 
01  X  0  X  0 
11  1  1  0  1 
10  0  1  X  X 

   00 01 11 10 
00  0  X  1  X 
01  1  X  X  1 
11  1  X  0  X 
10  1  X  0  X 

   00 01 11 10 
00  0  X  X  X 
01  1  0  X  X 
11  1  1  1  X 
10  1  0  1  0 

